14920dfc-e534-38a1-91e0-3aed4442bb9c:
  Home:
    SupremeProMax:
      X: -1137
      Y: 82
      Z: 539
      PITCH: 66.30002
      YAW: 83.39963
      World: world
    '2':
      X: -1.301603477785394E7
      Y: 184.0
      Z: -2401.30915848549
      PITCH: 23.550016
      YAW: 14.849518
      World: world
bf8232cd-69b5-37e5-bf7e-44cda46f46e1:
  Home:
    '2':
      X: -1.3016007016899325E7
      Y: 186.0
      Z: -2299.380764443551
      PITCH: 90.0
      YAW: -16.500067
      World: world
