14920dfc-e534-38a1-91e0-3aed4442bb9c:
  Home:
    SupremeProMax:
      X: -1137
      Y: 82
      Z: 539
      PITCH: 66.30002
      YAW: 83.39963
      World: world
    '2':
      X: -1.301603477785394E7
      Y: 184.0
      Z: -2401.30915848549
      PITCH: 23.550016
      YAW: 14.849518
      World: world
