Spawn:
  a5f92e7a-4137-4536-8f5b-0cd81b4e8edf:
    X: -826.2801876564515
    Y: 63.0
    Z: 680.0122745871762
    YAW: -100.949066
    PITCH: 84.45
    World: world
